0 16.5 33 100 0.42
1 0 0 3 0
2 29.0 58 101 0.54
3 22.0 44 47 0.72
4 26.5 53 55 0.73
5 24.5 49 51 0.73
6 26.0 52 53 0.74
7 27.0 54 58 0.72
8 13.5 27 29 0.72
9 31.0 62 67 0.71
10 39.0 78 83 0.72
11 23.5 47 55 0.68
12 19.5 39 41 0.73
13 43.5 87 96 0.7
14 38.0 76 84 0.7
15 8.5 17 18 0.72
16 7.5 15 28 0.52
17 12.5 25 47 0.52
18 25.0 50 84 0.55
19 32.0 64 101 0.57
20 13.5 27 29 0.72
21 30.5 61 101 0.55
22 33.0 66 101 0.58
23 40.0 80 90 0.69
24 32.0 64 101 0.57
25 35.0 70 101 0.6
26 33.0 66 101 0.58
27 34.0 68 101 0.59
28 43.5 87 92 0.72
29 33.5 67 101 0.58
30 35.0 70 101 0.6
31 0.5 1 2 0.5
32 24.0 48 49 0.74
33 29.5 59 60 0.74
34 12.0 24 36 0.58
35 5.0 10 24 0.46
36 24.0 48 51 0.72
37 25.5 51 59 0.68
38 43.0 86 96 0.7
39 34.0 68 81 0.67
40 24.0 48 59 0.66
41 0.5 1 2 0.5
42 0.5 1 2 0.5
43 0.5 1 2 0.5
44 0 0 2 0
45 0 0 2 0
46 0 0 2 0
47 0.5 1 2 0.5
48 3.0 6 9 0.58
49 32.5 65 75 0.68
50 31.0 62 67 0.71
51 43.5 87 96 0.7
52 24.0 48 49 0.74
53 22.0 44 47 0.72
54 24.5 49 51 0.73
55 26.5 53 55 0.73
56 26.0 52 53 0.74
57 44.0 88 93 0.72
58 46.5 93 96 0.73
59 26.0 52 53 0.74
60 3.0 6 11 0.52
61 11.0 22 24 0.71
62 10.5 21 22 0.73
63 17.0 34 36 0.72
64 10.5 21 23 0.71
65 32.5 65 98 0.58
66 37.5 75 77 0.74
67 32.5 65 98 0.58
68 32.5 65 98 0.58

Total samples 286467
Distinct samples after normalization 41374